’©‹N‚«‚½‚ç–ÚŠo‚ß‚ªˆ«‚¢
”n‚ÌŽ¨‚É”O•§